* Strip t0 ec edead A0 A1 ealph dwidth pede C0 C1 C2 C3 C4
* for the dead layer and T0  : 18625.310
* for the Am calibration     : 230115a.yel2.alpha0
* for the Integral/Amplitude : default
* 
Channel01=1.608 8.405    54.4 10.0 100.00 7.311  0.0  0.0    0    0    0    0    0
Channel02=1.057 8.125    51.4 10.0 100.00 7.106  0.0  0.0    0    0    0    0    0
Channel03=-1.106 7.616    32.8 10.0 100.00 6.920  0.0  0.0    0    0    0    0    0
Channel04=4.295 8.449    66.2 10.0 100.00 7.195  0.0  0.0    0    0    0    0    0
Channel05=4.189 8.428    62.1 10.0 100.00 7.228  0.0  0.0    0    0    0    0    0
Channel06=4.967 8.089    74.6 10.0 100.00 6.792  0.0  0.0    0    0    0    0    0
Channel07=6.057 8.819    77.9 10.0 100.00 7.367  0.0  0.0    0    0    0    0    0
Channel08=6.348 8.646    83.8 10.0 100.00 7.155  0.0  0.0    0    0    0    0    0
Channel09=6.488 8.767    85.5 10.0 100.00 7.236  0.0  0.0    0    0    0    0    0
Channel10=7.825 8.693   104.8 10.0 100.00 6.976  0.0  0.0    0    0    0    0    0
Channel11=7.527 9.101   125.5 10.0 100.00 7.107  0.0  0.0    0    0    0    0    0
Channel12=7.289 9.208   127.5 10.0 100.00 7.173  0.0  0.0    0    0    0    0    0
Channel13=7.362 8.371    74.6 10.0 100.00 7.029  0.0  0.0    0    0    0    0    0
Channel14=7.524 8.738    74.9 10.0 100.00 7.334  0.0  0.0    0    0    0    0    0
Channel15=7.295 8.201    72.2 10.0 100.00 6.914  0.0  0.0    0    0    0    0    0
Channel16=7.269 8.236    70.0 10.0 100.00 6.968  0.0  0.0    0    0    0    0    0
Channel17=6.127 8.289    66.5 10.0 100.00 7.055  0.0  0.0    0    0    0    0    0
Channel18=6.735 8.406    65.3 10.0 100.00 7.170  0.0  0.0    0    0    0    0    0
Channel19=7.257 8.014    57.2 10.0 100.00 6.934  0.0  0.0    0    0    0    0    0
Channel20=7.194 8.264    63.4 10.0 100.00 7.072  0.0  0.0    0    0    0    0    0
Channel21=7.477 8.287    64.4 10.0 100.00 7.080  0.0  0.0    0    0    0    0    0
Channel22=7.102 8.193    68.0 10.0 100.00 6.955  0.0  0.0    0    0    0    0    0
Channel23=7.515 8.103    67.9 10.0 100.00 6.881  0.0  0.0    0    0    0    0    0
Channel24=7.792 8.370    64.6 10.0 100.00 7.148  0.0  0.0    0    0    0    0    0
Channel25=8.944 10.198    80.8 10.0 100.00 8.479  0.0  0.0    0    0    0    0    0
Channel26=8.867 10.170    82.0 10.0 100.00 8.440  0.0  0.0    0    0    0    0    0
Channel27=8.472 9.560    72.6 10.0 100.00 8.054  0.0  0.0    0    0    0    0    0
Channel28=7.808 9.634    68.4 10.0 100.00 8.174  0.0  0.0    0    0    0    0    0
Channel29=7.643 9.787    63.9 10.0 100.00 8.367  0.0  0.0    0    0    0    0    0
Channel30=8.007 9.730    67.0 10.0 100.00 8.274  0.0  0.0    0    0    0    0    0
Channel31=8.305 9.525    72.0 10.0 100.00 8.033  0.0  0.0    0    0    0    0    0
Channel32=7.843 9.867    79.0 10.0 100.00 8.227  0.0  0.0    0    0    0    0    0
Channel33=8.437 9.918    80.1 10.0 100.00 8.256  0.0  0.0    0    0    0    0    0
Channel34=8.427 9.949    82.0 10.0 100.00 8.256  0.0  0.0    0    0    0    0    0
Channel35=9.111 9.938    81.3 10.0 100.00 8.256  0.0  0.0    0    0    0    0    0
Channel36=9.494 9.938    81.3 10.0 100.00 8.256  0.0  0.0    0    0    0    0    0
Channel37=8.133 8.207    75.1 10.0 100.00 6.886  0.0  0.0    0    0    0    0    0
Channel38=8.138 8.143    70.4 10.0 100.00 6.886  0.0  0.0    0    0    0    0    0
Channel39=8.670 7.955    57.0 10.0 100.00 6.886  0.0  0.0    0    0    0    0    0
Channel40=7.989 8.176    58.2 10.0 100.00 7.061  0.0  0.0    0    0    0    0    0
Channel41=7.666 7.996    56.9 10.0 100.00 6.923  0.0  0.0    0    0    0    0    0
Channel42=8.140 7.964    62.5 10.0 100.00 6.825  0.0  0.0    0    0    0    0    0
Channel43=8.189 7.972    66.0 10.0 100.00 6.791  0.0  0.0    0    0    0    0    0
Channel44=7.060 8.269    68.3 10.0 100.00 7.017  0.0  0.0    0    0    0    0    0
Channel45=7.767 8.136    67.1 10.0 100.00 6.918  0.0  0.0    0    0    0    0    0
Channel46=7.235 8.060    69.0 10.0 100.00 6.831  0.0  0.0    0    0    0    0    0
Channel47=7.432 8.122    71.4 10.0 100.00 6.856  0.0  0.0    0    0    0    0    0
Channel48=7.617 7.968    69.2 10.0 100.00 6.751  0.0  0.0    0    0    0    0    0
Channel49=8.262 9.755    77.5 10.0 100.00 8.153  0.0  0.0    0    0    0    0    0
Channel50=8.137 9.811    69.1 10.0 100.00 8.313  0.0  0.0    0    0    0    0    0
Channel51=8.387 9.401    67.7 10.0 100.00 7.986  0.0  0.0    0    0    0    0    0
Channel52=7.952 9.262    66.4 10.0 100.00 7.885  0.0  0.0    0    0    0    0    0
Channel53=7.705 9.680    63.0 10.0 100.00 8.289  0.0  0.0    0    0    0    0    0
Channel54=8.780 9.660    82.4 10.0 100.00 8.011  0.0  0.0    0    0    0    0    0
Channel55=8.367 9.356    80.2 10.0 100.00 7.786  0.0  0.0    0    0    0    0    0
Channel56=7.315 9.380    79.9 10.0 100.00 7.809  0.0  0.0    0    0    0    0    0
Channel57=8.097 9.566    80.6 10.0 100.00 7.956  0.0  0.0    0    0    0    0    0
Channel58=7.882 9.414    79.3 10.0 100.00 7.846  0.0  0.0    0    0    0    0    0
Channel59=8.401 9.589    80.5 10.0 100.00 7.977  0.0  0.0    0    0    0    0    0
*Channel60=10.500 13.584   520.5 10.0 100.00 7.853  0.0  0.0    0    0    0    0    0
Channel60=7.0   9.0     100.0 10.0 100.00 7.853  0.0  0.0    0    0    0    0    0
Channel61=6.628 8.539   108.4 10.0 100.00 6.819  0.0  0.0    0    0    0    0    0
Channel62=6.424 8.771   110.2 10.0 100.00 6.987  0.0  0.0    0    0    0    0    0
Channel63=7.697 8.319   105.0 10.0 100.00 6.675  0.0  0.0    0    0    0    0    0
Channel64=6.258 8.328    93.3 10.0 100.00 6.794  0.0  0.0    0    0    0    0    0
Channel65=5.803 8.296    85.7 10.0 100.00 6.846  0.0  0.0    0    0    0    0    0
Channel66=5.206 8.350    87.5 10.0 100.00 6.872  0.0  0.0    0    0    0    0    0
Channel67=1.532 7.927    53.3 10.0 100.00 6.908  0.0  0.0    0    0    0    0    0
Channel68=2.150 8.223    71.1 10.0 100.00 6.945  0.0  0.0    0    0    0    0    0
Channel69=0.738 8.011    57.0 10.0 100.00 6.934  0.0  0.0    0    0    0    0    0
Channel70=1.380 8.293    63.6 10.0 100.00 7.094  0.0  0.0    0    0    0    0    0
Channel71=1.789 7.988    66.7 10.0 100.00 6.797  0.0  0.0    0    0    0    0    0
Channel72=-4.114 7.662    38.3 10.0 100.00 6.879  0.0  0.0    0    0    0    0    0

