* Strip t0 ec edead A0 A1 ealph dwidth pede C0 C1 C2 C3 C4
* for the dead layer and T0  : 18613.102
* for the Am calibration     : 230115a.yel1.alpha0
* for the Integral/Amplitude : default
* 
Channel01=2.542 8.186    55.7 10.0 100.00 7.103  0.0  0.0    0    0    0    0    0
Channel02=0.294 7.751    32.4 10.0 100.00 7.048  0.0  0.0    0    0    0    0    0
Channel03=3.217 7.900    56.8 10.0 100.00 6.841  0.0  0.0    0    0    0    0    0
Channel04=4.114 8.069    55.5 10.0 100.00 7.003  0.0  0.0    0    0    0    0    0
Channel05=4.754 8.291    62.6 10.0 100.00 7.105  0.0  0.0    0    0    0    0    0
Channel06=5.477 7.877    72.4 10.0 100.00 6.638  0.0  0.0    0    0    0    0    0
Channel07=6.962 8.665    84.0 10.0 100.00 7.169  0.0  0.0    0    0    0    0    0
Channel08=7.597 8.531   102.3 10.0 100.00 6.871  0.0  0.0    0    0    0    0    0
Channel09=7.222 8.794   108.3 10.0 100.00 7.023  0.0  0.0    0    0    0    0    0
Channel10=6.120 8.309    87.2 10.0 100.00 6.841  0.0  0.0    0    0    0    0    0
Channel11=3.952 8.360    76.0 10.0 100.00 7.004  0.0  0.0    0    0    0    0    0
Channel12=3.315 8.382    83.1 10.0 100.00 6.945  0.0  0.0    0    0    0    0    0
Channel13=6.516 8.435    67.5 10.0 100.00 7.168  0.0  0.0    0    0    0    0    0
Channel14=6.453 8.713    77.1 10.0 100.00 7.287  0.0  0.0    0    0    0    0    0
Channel15=6.437 8.354    74.5 10.0 100.00 7.016  0.0  0.0    0    0    0    0    0
Channel16=6.189 8.440    74.4 10.0 100.00 7.089  0.0  0.0    0    0    0    0    0
Channel17=5.025 8.373    68.8 10.0 100.00 7.099  0.0  0.0    0    0    0    0    0
Channel18=5.708 8.423    64.7 10.0 100.00 7.191  0.0  0.0    0    0    0    0    0
Channel19=6.845 8.105    57.7 10.0 100.00 7.007  0.0  0.0    0    0    0    0    0
Channel20=6.088 8.452    62.3 10.0 100.00 7.246  0.0  0.0    0    0    0    0    0
Channel21=6.778 8.568    74.5 10.0 100.00 7.196  0.0  0.0    0    0    0    0    0
Channel22=5.899 8.290    77.0 10.0 100.00 6.935  0.0  0.0    0    0    0    0    0
Channel23=6.489 8.223    72.7 10.0 100.00 6.927  0.0  0.0    0    0    0    0    0
Channel24=7.296 8.554    69.5 10.0 100.00 7.243  0.0  0.0    0    0    0    0    0
Channel25=7.364 10.094    76.7 10.0 100.00 8.447  0.0  0.0    0    0    0    0    0
Channel26=7.054 10.094    76.6 10.0 100.00 8.449  0.0  0.0    0    0    0    0    0
Channel27=6.851 9.255    72.2 10.0 100.00 7.803  0.0  0.0    0    0    0    0    0
Channel28=6.443 9.122    68.3 10.0 100.00 7.741  0.0  0.0    0    0    0    0    0
Channel29=6.158 9.516    63.0 10.0 100.00 8.149  0.0  0.0    0    0    0    0    0
Channel30=6.648 9.305    68.0 10.0 100.00 7.899  0.0  0.0    0    0    0    0    0
Channel31=6.525 9.188    72.9 10.0 100.00 7.737  0.0  0.0    0    0    0    0    0
Channel32=5.696 9.414    79.7 10.0 100.00 7.840  0.0  0.0    0    0    0    0    0
*Channel33=8.000 0.000     0.0 10.0 100.00 28.698  0.0  0.0    0    0    0    0    0
Channel33=8.000 10.0     70.0 10.0 100.00  9.0  0.0  0.0    0    0    0    0    0
Channel34=9.367 11.770    50.8 10.0 100.00 10.307  0.0  0.0    0    0    0    0    0
Channel35=9.507 11.670    46.4 10.0 100.00 10.307  0.0  0.0    0    0    0    0    0
Channel36=9.903 11.665    46.1 10.0 100.00 10.307  0.0  0.0    0    0    0    0    0
Channel37=6.180 8.352    86.7 10.0 100.00 6.882  0.0  0.0    0    0    0    0    0
Channel38=6.383 8.213    76.0 10.0 100.00 6.882  0.0  0.0    0    0    0    0    0
Channel39=6.766 8.094    67.2 10.0 100.00 6.882  0.0  0.0    0    0    0    0    0
Channel40=5.786 8.037    63.1 10.0 100.00 6.882  0.0  0.0    0    0    0    0    0
Channel41=5.899 8.203    57.9 10.0 100.00 7.088  0.0  0.0    0    0    0    0    0
Channel42=6.193 7.856    60.9 10.0 100.00 6.752  0.0  0.0    0    0    0    0    0
Channel43=6.334 8.101    67.3 10.0 100.00 6.886  0.0  0.0    0    0    0    0    0
Channel44=5.406 8.077    68.0 10.0 100.00 6.858  0.0  0.0    0    0    0    0    0
Channel45=6.158 8.179    71.6 10.0 100.00 6.902  0.0  0.0    0    0    0    0    0
Channel46=5.482 8.066    68.1 10.0 100.00 6.847  0.0  0.0    0    0    0    0    0
Channel47=5.233 8.141    67.0 10.0 100.00 6.924  0.0  0.0    0    0    0    0    0
Channel48=6.034 8.023    69.4 10.0 100.00 6.796  0.0  0.0    0    0    0    0    0
Channel49=6.964 7.084    79.1 10.0 100.00 5.906  0.0  0.0    0    0    0    0    0
Channel50=7.368 7.376    80.3 10.0 100.00 6.138  0.0  0.0    0    0    0    0    0
Channel51=7.355 7.088    80.3 10.0 100.00 5.897  0.0  0.0    0    0    0    0    0
Channel52=6.624 6.916    75.8 10.0 100.00 5.796  0.0  0.0    0    0    0    0    0
Channel53=6.335 6.926    68.2 10.0 100.00 5.878  0.0  0.0    0    0    0    0    0
Channel54=6.871 6.955    66.1 10.0 100.00 5.924  0.0  0.0    0    0    0    0    0
Channel55=6.873 6.653    66.0 10.0 100.00 5.668  0.0  0.0    0    0    0    0    0
Channel56=5.393 6.730    67.9 10.0 100.00 5.714  0.0  0.0    0    0    0    0    0
Channel57=6.269 7.064    76.4 10.0 100.00 5.915  0.0  0.0    0    0    0    0    0
Channel58=5.862 6.976    78.0 10.0 100.00 5.826  0.0  0.0    0    0    0    0    0
Channel59=6.604 7.121    78.2 10.0 100.00 5.945  0.0  0.0    0    0    0    0    0
*Channel60=-22.000 6.793    62.4 10.0 100.00 5.823  0.0  0.0    0    0    0    0    0
Channel60=5.000 6.793    62.4 10.0 100.00 5.823  0.0  0.0    0    0    0    0    0
Channel61=4.217 8.479    79.9 10.0 100.00 7.060  0.0  0.0    0    0    0    0    0
Channel62=3.767 8.521    74.1 10.0 100.00 7.161  0.0  0.0    0    0    0    0    0
Channel63=6.053 8.328    81.3 10.0 100.00 6.919  0.0  0.0    0    0    0    0    0
Channel64=6.554 8.715   109.5 10.0 100.00 6.949  0.0  0.0    0    0    0    0    0
Channel65=6.524 8.694    95.0 10.0 100.00 7.075  0.0  0.0    0    0    0    0    0
Channel66=5.624 8.653    76.2 10.0 100.00 7.248  0.0  0.0    0    0    0    0    0
Channel67=6.080 8.321    67.8 10.0 100.00 7.067  0.0  0.0    0    0    0    0    0
Channel68=3.884 8.253    60.7 10.0 100.00 7.097  0.0  0.0    0    0    0    0    0
Channel69=3.951 8.371    62.1 10.0 100.00 7.180  0.0  0.0    0    0    0    0    0
Channel70=3.468 8.312    55.4 10.0 100.00 7.216  0.0  0.0    0    0    0    0    0
Channel71=2.815 8.118    60.2 10.0 100.00 6.987  0.0  0.0    0    0    0    0    0
Channel72=-0.111 7.984    43.8 10.0 100.00 7.087  0.0  0.0    0    0    0    0    0

