* Strip t0 ec edead A0 A1 ealph dwidth pede C0 C1 C2 C3 C4
* for the dead layer and T0  : 18555.028
* for the Am calibration     : 230115a.blu1.alpha0
* for the Integral/Amplitude : default
* 
Channel01=-5.153 7.710    40.5 10.0 100.00 6.890  0.0  0.0    0    0    0    0    0
Channel02=-2.192 7.844    58.0 10.0 100.00 6.777  0.0  0.0    0    0    0    0    0
Channel03=0.426 8.587    73.4 10.0 100.00 7.225  0.0  0.0    0    0    0    0    0
Channel04=0.156 8.087    56.6 10.0 100.00 7.005  0.0  0.0    0    0    0    0    0
Channel05=1.071 8.273    69.6 10.0 100.00 7.005  0.0  0.0    0    0    0    0    0
Channel06=2.713 7.912    72.8 10.0 100.00 6.664  0.0  0.0    0    0    0    0    0
Channel07=2.318 8.396    71.0 10.0 100.00 7.093  0.0  0.0    0    0    0    0    0
Channel08=2.195 7.892    82.2 10.0 100.00 6.547  0.0  0.0    0    0    0    0    0
Channel09=3.759 8.617   106.9 10.0 100.00 6.896  0.0  0.0    0    0    0    0    0
Channel10=4.191 8.967   106.6 10.0 100.00 7.179  0.0  0.0    0    0    0    0    0
Channel11=1.364 8.419    85.0 10.0 100.00 6.955  0.0  0.0    0    0    0    0    0
Channel12=-0.074 8.485    80.2 10.0 100.00 7.062  0.0  0.0    0    0    0    0    0
Channel13=2.826 8.786    71.2 10.0 100.00 7.419  0.0  0.0    0    0    0    0    0
Channel14=2.796 8.932    73.2 10.0 100.00 7.518  0.0  0.0    0    0    0    0    0
Channel15=2.202 8.610    67.8 10.0 100.00 7.312  0.0  0.0    0    0    0    0    0
Channel16=2.249 8.302    64.1 10.0 100.00 7.096  0.0  0.0    0    0    0    0    0
Channel17=2.509 8.366    61.8 10.0 100.00 7.179  0.0  0.0    0    0    0    0    0
Channel18=2.213 9.565    67.5 10.0 100.00 8.127  0.0  0.0    0    0    0    0    0
Channel19=2.921 9.046    70.9 10.0 100.00 7.643  0.0  0.0    0    0    0    0    0
Channel20=1.054 8.649    60.0 10.0 100.00 7.445  0.0  0.0    0    0    0    0    0
Channel21=2.725 9.266    68.5 10.0 100.00 7.860  0.0  0.0    0    0    0    0    0
Channel22=1.469 8.687    68.1 10.0 100.00 7.374  0.0  0.0    0    0    0    0    0
Channel23=3.547 8.824    75.0 10.0 100.00 7.405  0.0  0.0    0    0    0    0    0
Channel24=2.588 9.367    79.7 10.0 100.00 7.801  0.0  0.0    0    0    0    0    0
Channel25=3.104 8.704    76.6 10.0 100.00 7.285  0.0  0.0    0    0    0    0    0
Channel26=1.784 8.804    70.9 10.0 100.00 7.438  0.0  0.0    0    0    0    0    0
Channel27=2.466 8.805    61.9 10.0 100.00 7.554  0.0  0.0    0    0    0    0    0
Channel28=1.015 8.599    65.3 10.0 100.00 7.334  0.0  0.0    0    0    0    0    0
Channel29=1.913 8.457    65.4 10.0 100.00 7.211  0.0  0.0    0    0    0    0    0
Channel30=2.401 9.006    69.0 10.0 100.00 7.633  0.0  0.0    0    0    0    0    0
Channel31=2.247 8.694    63.0 10.0 100.00 7.445  0.0  0.0    0    0    0    0    0
Channel32=1.681 8.741    75.0 10.0 100.00 7.335  0.0  0.0    0    0    0    0    0
*Channel33=9.903 12.885     8.7 10.0 100.00 12.435  0.0  0.0    0    0    0    0    0
Channel33=2.0   9.0      70.0 10.0 100.00 7.9    0.0  0.0    0    0    0    0    0
Channel34=2.784 9.384    68.3 10.0 100.00 7.964  0.0  0.0    0    0    0    0    0
Channel35=3.680 9.390    68.6 10.0 100.00 7.964  0.0  0.0    0    0    0    0    0
Channel36=2.811 9.314    63.9 10.0 100.00 7.964  0.0  0.0    0    0    0    0    0
Channel37=2.576 8.447    69.1 10.0 100.00 7.158  0.0  0.0    0    0    0    0    0
Channel38=2.539 8.422    67.3 10.0 100.00 7.158  0.0  0.0    0    0    0    0    0
Channel39=2.853 8.342    61.9 10.0 100.00 7.158  0.0  0.0    0    0    0    0    0
Channel40=2.754 8.297    58.8 10.0 100.00 7.158  0.0  0.0    0    0    0    0    0
Channel41=2.860 8.494    62.5 10.0 100.00 7.280  0.0  0.0    0    0    0    0    0
Channel42=2.415 8.676    79.1 10.0 100.00 7.232  0.0  0.0    0    0    0    0    0
Channel43=1.883 8.551    65.4 10.0 100.00 7.292  0.0  0.0    0    0    0    0    0
Channel44=1.723 8.596    76.6 10.0 100.00 7.196  0.0  0.0    0    0    0    0    0
Channel45=1.686 8.351    73.1 10.0 100.00 7.029  0.0  0.0    0    0    0    0    0
Channel46=0.932 8.220    71.1 10.0 100.00 6.943  0.0  0.0    0    0    0    0    0
Channel47=3.140 8.557    78.5 10.0 100.00 7.141  0.0  0.0    0    0    0    0    0
Channel48=2.652 8.525    75.0 10.0 100.00 7.154  0.0  0.0    0    0    0    0    0
Channel49=3.718 7.073    72.9 10.0 100.00 5.956  0.0  0.0    0    0    0    0    0
Channel50=3.123 7.064    76.0 10.0 100.00 5.918  0.0  0.0    0    0    0    0    0
Channel51=3.764 6.964    75.5 10.0 100.00 5.840  0.0  0.0    0    0    0    0    0
Channel52=3.037 6.883    66.7 10.0 100.00 5.857  0.0  0.0    0    0    0    0    0
Channel53=2.842 6.639    59.3 10.0 100.00 5.723  0.0  0.0    0    0    0    0    0
Channel54=3.039 7.248    75.0 10.0 100.00 6.083  0.0  0.0    0    0    0    0    0
Channel55=3.430 6.849    61.2 10.0 100.00 5.884  0.0  0.0    0    0    0    0    0
Channel56=2.901 6.841    70.3 10.0 100.00 5.786  0.0  0.0    0    0    0    0    0
Channel57=3.073 7.155    68.9 10.0 100.00 6.065  0.0  0.0    0    0    0    0    0
Channel58=3.263 7.028    73.7 10.0 100.00 5.910  0.0  0.0    0    0    0    0    0
Channel59=4.880 6.970    75.1 10.0 100.00 5.848  0.0  0.0    0    0    0    0    0
Channel60=3.469 7.004    79.4 10.0 100.00 5.837  0.0  0.0    0    0    0    0    0
Channel61=3.651 8.958   123.3 10.0 100.00 7.014  0.0  0.0    0    0    0    0    0
Channel62=4.367 8.846   119.3 10.0 100.00 6.963  0.0  0.0    0    0    0    0    0
Channel63=3.638 8.532    94.1 10.0 100.00 6.953  0.0  0.0    0    0    0    0    0
Channel64=2.716 8.041    71.9 10.0 100.00 6.782  0.0  0.0    0    0    0    0    0
Channel65=2.824 7.902    67.7 10.0 100.00 6.713  0.0  0.0    0    0    0    0    0
Channel66=2.366 8.076    60.3 10.0 100.00 6.949  0.0  0.0    0    0    0    0    0
Channel67=0.606 8.057    55.3 10.0 100.00 6.995  0.0  0.0    0    0    0    0    0
Channel68=-0.089 7.895    59.2 10.0 100.00 6.807  0.0  0.0    0    0    0    0    0
Channel69=-1.815 7.664    47.6 10.0 100.00 6.752  0.0  0.0    0    0    0    0    0
Channel70=3.814 8.418   110.4 10.0 100.00 6.704  0.0  0.0    0    0    0    0    0
Channel71=-1.715 7.741    59.2 10.0 100.00 6.673  0.0  0.0    0    0    0    0    0
Channel72=-3.119 7.972    64.7 10.0 100.00 6.807  0.0  0.0    0    0    0    0    0
Channel73=15.000 6.751   100.0 10.0 100.00 6.751  0.0  0.0    0    0    0    0    0
Channel74=15.000 6.751   100.0 10.0 100.00 6.751  0.0  0.0    0    0    0    0    0
Channel75=15.000 6.751   100.0 10.0 100.00 6.751  0.0  0.0    0    0    0    0    0
Channel76=15.000 6.751   100.0 10.0 100.00 6.751  0.0  0.0    0    0    0    0    0
Channel77=15.000 6.751   100.0 10.0 100.00 6.751  0.0  0.0    0    0    0    0    0
Channel78=15.000 6.751   100.0 10.0 100.00 6.751  0.0  0.0    0    0    0    0    0
Channel79=15.000 6.751   100.0 10.0 100.00 6.751  0.0  0.0    0    0    0    0    0
Channel80=15.000 6.751   100.0 10.0 100.00 6.751  0.0  0.0    0    0    0    0    0
