* Strip t0 ec edead A0 A1 ealph dwidth pede C0 C1 C2 C3 C4
* for the dead layer and T0  : 18613.202
* for the Am calibration     : 230115a.blu2.alpha0
* for the Integral/Amplitude : default
* 
Channel01=-5.645 7.458    26.0 10.0 100.00 6.883  0.0  0.0    0    0    0    0    0
Channel02=-4.552 7.485    32.0 10.0 100.00 6.812  0.0  0.0    0    0    0    0    0
Channel03=-3.047 7.883    36.7 10.0 100.00 7.101  0.0  0.0    0    0    0    0    0
Channel04=-0.253 7.969    48.9 10.0 100.00 7.003  0.0  0.0    0    0    0    0    0
Channel05=-0.507 7.908    52.1 10.0 100.00 6.908  0.0  0.0    0    0    0    0    0
Channel06=1.521 7.805    65.0 10.0 100.00 6.661  0.0  0.0    0    0    0    0    0
Channel07=1.925 8.327    75.1 10.0 100.00 6.987  0.0  0.0    0    0    0    0    0
Channel08=1.432 7.768    83.8 10.0 100.00 6.429  0.0  0.0    0    0    0    0    0
Channel09=3.065 8.492   109.7 10.0 100.00 6.770  0.0  0.0    0    0    0    0    0
Channel10=2.296 8.773    91.5 10.0 100.00 7.177  0.0  0.0    0    0    0    0    0
Channel11=0.008 8.323    77.7 10.0 100.00 6.955  0.0  0.0    0    0    0    0    0
Channel12=-0.347 8.214    70.1 10.0 100.00 6.950  0.0  0.0    0    0    0    0    0
Channel13=1.313 9.264    77.3 10.0 100.00 7.745  0.0  0.0    0    0    0    0    0
Channel14=1.679 9.336    81.3 10.0 100.00 7.756  0.0  0.0    0    0    0    0    0
Channel15=0.915 8.907    77.4 10.0 100.00 7.446  0.0  0.0    0    0    0    0    0
Channel16=1.553 8.779    74.6 10.0 100.00 7.372  0.0  0.0    0    0    0    0    0
Channel17=1.030 8.323    65.1 10.0 100.00 7.101  0.0  0.0    0    0    0    0    0
Channel18=1.201 9.226    75.7 10.0 100.00 7.734  0.0  0.0    0    0    0    0    0
Channel19=1.312 8.812    70.2 10.0 100.00 7.454  0.0  0.0    0    0    0    0    0
Channel20=-0.296 8.602    78.8 10.0 100.00 7.175  0.0  0.0    0    0    0    0    0
Channel21=0.505 8.861    78.9 10.0 100.00 7.390  0.0  0.0    0    0    0    0    0
Channel22=0.051 8.407    85.5 10.0 100.00 6.938  0.0  0.0    0    0    0    0    0
Channel23=1.556 8.696    88.3 10.0 100.00 7.146  0.0  0.0    0    0    0    0    0
Channel24=0.146 8.935    84.6 10.0 100.00 7.386  0.0  0.0    0    0    0    0    0
Channel25=2.002 6.857    74.9 10.0 100.00 5.755  0.0  0.0    0    0    0    0    0
Channel26=1.173 6.960    74.5 10.0 100.00 5.846  0.0  0.0    0    0    0    0    0
Channel27=1.672 6.868    72.1 10.0 100.00 5.791  0.0  0.0    0    0    0    0    0
Channel28=1.024 6.841    74.4 10.0 100.00 5.746  0.0  0.0    0    0    0    0    0
Channel29=1.287 6.636    72.9 10.0 100.00 5.588  0.0  0.0    0    0    0    0    0
Channel30=1.100 6.860    70.6 10.0 100.00 5.799  0.0  0.0    0    0    0    0    0
Channel31=1.870 6.633    56.4 10.0 100.00 5.747  0.0  0.0    0    0    0    0    0
Channel32=0.411 6.419    58.8 10.0 100.00 5.538  0.0  0.0    0    0    0    0    0
Channel33=2.190 6.712    65.7 10.0 100.00 5.721  0.0  0.0    0    0    0    0    0
Channel34=0.880 6.726    71.6 10.0 100.00 5.676  0.0  0.0    0    0    0    0    0
Channel35=1.882 6.859    78.8 10.0 100.00 5.721  0.0  0.0    0    0    0    0    0
Channel36=1.288 6.775    71.2 10.0 100.00 5.721  0.0  0.0    0    0    0    0    0
Channel37=1.031 7.742    54.3 10.0 100.00 6.734  0.0  0.0    0    0    0    0    0
Channel38=1.228 7.678    49.9 10.0 100.00 6.734  0.0  0.0    0    0    0    0    0
Channel39=1.921 7.729    53.5 10.0 100.00 6.734  0.0  0.0    0    0    0    0    0
Channel40=1.057 7.688    50.7 10.0 100.00 6.734  0.0  0.0    0    0    0    0    0
Channel41=0.758 7.689    55.3 10.0 100.00 6.676  0.0  0.0    0    0    0    0    0
Channel42=0.523 7.955    67.7 10.0 100.00 6.757  0.0  0.0    0    0    0    0    0
Channel43=1.889 7.940    65.1 10.0 100.00 6.775  0.0  0.0    0    0    0    0    0
Channel44=0.318 7.839    62.3 10.0 100.00 6.720  0.0  0.0    0    0    0    0    0
Channel45=1.452 7.821    63.6 10.0 100.00 6.691  0.0  0.0    0    0    0    0    0
Channel46=1.215 7.762    66.1 10.0 100.00 6.610  0.0  0.0    0    0    0    0    0
Channel47=1.896 7.954    61.6 10.0 100.00 6.828  0.0  0.0    0    0    0    0    0
Channel48=0.806 8.100    73.6 10.0 100.00 6.813  0.0  0.0    0    0    0    0    0
Channel49=1.790 7.894    52.5 10.0 100.00 6.889  0.0  0.0    0    0    0    0    0
Channel50=1.686 7.827    53.4 10.0 100.00 6.821  0.0  0.0    0    0    0    0    0
Channel51=1.928 7.737    47.7 10.0 100.00 6.815  0.0  0.0    0    0    0    0    0
Channel52=1.591 7.758    42.4 10.0 100.00 6.907  0.0  0.0    0    0    0    0    0
Channel53=1.658 7.533    36.1 10.0 100.00 6.795  0.0  0.0    0    0    0    0    0
Channel54=2.004 8.249    55.7 10.0 100.00 7.156  0.0  0.0    0    0    0    0    0
Channel55=2.492 7.834    45.3 10.0 100.00 6.934  0.0  0.0    0    0    0    0    0
Channel56=1.331 7.764    48.7 10.0 100.00 6.826  0.0  0.0    0    0    0    0    0
Channel57=2.108 8.025    48.0 10.0 100.00 7.065  0.0  0.0    0    0    0    0    0
Channel58=1.464 7.809    46.4 10.0 100.00 6.896  0.0  0.0    0    0    0    0    0
Channel59=2.861 7.637    48.8 10.0 100.00 6.714  0.0  0.0    0    0    0    0    0
Channel60=2.028 7.815    51.2 10.0 100.00 6.838  0.0  0.0    0    0    0    0    0
Channel61=-1.646 8.060    66.3 10.0 100.00 6.863  0.0  0.0    0    0    0    0    0
Channel62=-1.046 8.221    70.7 10.0 100.00 6.947  0.0  0.0    0    0    0    0    0
Channel63=-0.216 8.266    79.8 10.0 100.00 6.883  0.0  0.0    0    0    0    0    0
Channel64=0.882 8.387    96.4 10.0 100.00 6.812  0.0  0.0    0    0    0    0    0
Channel65=2.455 8.294   102.7 10.0 100.00 6.676  0.0  0.0    0    0    0    0    0
Channel66=2.147 8.088    81.3 10.0 100.00 6.719  0.0  0.0    0    0    0    0    0
Channel67=0.105 8.046    68.3 10.0 100.00 6.828  0.0  0.0    0    0    0    0    0
Channel68=-0.834 7.941    66.7 10.0 100.00 6.757  0.0  0.0    0    0    0    0    0
Channel69=-2.026 7.850    62.9 10.0 100.00 6.723  0.0  0.0    0    0    0    0    0
Channel70=-2.471 7.745    55.2 10.0 100.00 6.726  0.0  0.0    0    0    0    0    0
Channel71=-2.464 7.497    51.5 10.0 100.00 6.556  0.0  0.0    0    0    0    0    0
Channel72=-5.191 7.306    34.5 10.0 100.00 6.614  0.0  0.0    0    0    0    0    0

